
tiny <- 1E-15

